code/src/dem_129_utm.asc
ncols        129
nrows        129
xllcorner    261699.126133739308
yllcorner    3810010.060357617214
dx           136.022111856398
dy           162.093016628873
NODATA_value -9999
[rows 18 to 35 of 129, columns 0 to 39 of 129]
-9999 -9999 -9999 10.778248786926269531 11.525200843811035156 12.277952194213867188 12.892530441284179688 13.6469879150390625 14.709832191467285156 14.778799057006835938 14.432349205017089844 14.247332572937011719 14.57177734375 14.747132301330566406 14.992824554443359375 15.008994102478027344 15.084906578063964844 15.44281768798828125 16.331592559814453125 16.84119415283203125 16.721357345581054688 16.301395416259765625 15.727300643920898438 15.5292510986328125 15.575840950012207031 15.674364089965820312 15.832395553588867188 15.989931106567382812 16.1035919189453125 16.286167144775390625 16.413906097412109375 16.502656936645507812 16.644039154052734375 16.627328872680664062 16.606843948364257812 16.651681900024414062 16.7217864990234375 16.813518524169921875 16.9081573486328125 16.929304122924804688
-9999 -9999 -9999 10.323250770568847656 10.406487464904785156 10.654348373413085938 11.8423614501953125 13.34033966064453125 14.345357894897460938 15.130564689636230469 14.700674057006835938 14.631903648376464844 14.687584877014160156 14.732294082641601562 14.917290687561035156 15.334530830383300781 15.765058517456054688 16.257537841796875 16.803318023681640625 16.896697998046875 16.563854217529296875 16.05194091796875 15.7272796630859375 15.641256332397460938 15.689617156982421875 15.786228179931640625 15.936505317687988281 16.06935882568359375 16.21402740478515625 16.450738906860351562 16.56885528564453125 16.637342453002929688 16.722185134887695312 16.705183029174804688 16.70291900634765625 16.713069915771484375 16.739984512329101562 16.759006500244140625 16.778451919555664062 16.823144912719726562
-9999 -9999 -9999 10.396066665649414062 10.354914665222167969 10.678842544555664062 11.899160385131835938 13.410296440124511719 13.967871665954589844 14.92348480224609375 15.062108993530273438 15.352421760559082031 15.318509101867675781 15.494326591491699219 15.83315277099609375 16.47714996337890625 17.068914413452148438 17.019498825073242188 16.833280563354492188 16.494775772094726562 15.965893745422363281 15.682004928588867188 15.633763313293457031 15.656160354614257812 15.703148841857910156 15.7790069580078125 15.897130012512207031 16.035587310791015625 16.22894287109375 16.446685791015625 16.560132980346679688 16.700242996215820312 16.823223114013671875 16.794170379638671875 16.75901031494140625 16.7384490966796875 16.746612548828125 16.776868820190429688 16.76328277587890625 16.74623870849609375
-9999 -9999 -9999 10.28615570068359375 10.320016860961914062 10.564311981201171875 10.975975990295410156 11.954201698303222656 12.563281059265136719 13.370650291442871094 14.158703804016113281 14.501367568969726562 14.668947219848632812 15.071046829223632812 15.552808761596679688 16.047412872314453125 16.15019989013671875 15.963080406188964844 15.627679824829101562 15.278100013732910156 15.115222930908203125 15.398856163024902344 15.621063232421875 15.720602989196777344 15.770785331726074219 15.8137664794921875 15.888684272766113281 16.0284576416015625 16.236171722412109375 16.41800689697265625 16.5530242919921875 16.754047393798828125 16.980573654174804688 17.012445449829101562 16.918241500854492188 16.838527679443359375 16.88196563720703125 16.890619277954101562 16.830099105834960938 16.738924026489257812
-9999 -9999 -9999 10.515543937683105469 10.567731857299804688 10.716887474060058594 10.472515106201171875 10.561580657958984375 10.799558639526367188 11.509494781494140625 12.750216484069824219 13.084576606750488281 13.4319915771484375 13.534541130065917969 13.699872970581054688 14.270430564880371094 14.476939201354980469 14.327383041381835938 14.2572784423828125 14.559800148010253906 15.017391204833984375 15.602098464965820312 15.712345123291015625 15.745938301086425781 15.783664703369140625 15.828339576721191406 15.924880027770996094 16.04557037353515625 16.137302398681640625 16.259565353393554688 16.375644683837890625 16.64928436279296875 16.924695968627929688 17.016138076782226562 16.987453460693359375 16.902437210083007812 16.86746978759765625 16.839672088623046875 16.788585662841796875 16.686279296875
-9999 -9999 -9999 11.873053550720214844 11.890130996704101562 12.161814689636230469 11.244890213012695312 10.706400871276855469 10.491540908813476562 10.640523910522460938 11.312350273132324219 11.518378257751464844 12.233866691589355469 12.761696815490722656 12.953700065612792969 13.307664871215820312 13.305086135864257812 13.720170974731445312 14.519395828247070312 15.101238250732421875 15.29113006591796875 15.525330543518066406 15.707218170166015625 15.782712936401367188 15.800818443298339844 15.792179107666015625 15.924563407897949219 16.062997817993164062 16.207029342651367188 16.34508514404296875 16.419618606567382812 16.601358413696289062 16.788850784301757812 16.853639602661132812 16.835012435913085938 16.732168197631835938 16.662157058715820312 16.627283096313476562 16.554056167602539062 16.421323776245117188
-9999 -9999 -9999 13.540750503540039062 13.476041793823242188 13.788324356079101562 13.053216934204101562 11.744757652282714844 11.046536445617675781 10.992593765258789062 11.162527084350585938 10.809840202331542969 10.962697029113769531 11.611993789672851562 12.260944366455078125 12.73711395263671875 13.148385047912597656 14.062113761901855469 14.761178016662597656 15.209916114807128906 15.332423210144042969 15.442844390869140625 15.630366325378417969 15.770284652709960938 15.760799407958984375 15.685244560241699219 15.717854499816894531 15.921538352966308594 16.250333786010742188 16.410833358764648438 16.437221527099609375 16.567064285278320312 16.67535400390625 16.693487167358398438 16.710489273071289062 16.673349380493164062 16.558019638061523438 16.368848800659179688 16.120153427124023438 16.040645599365234375
-9999 -9999 -9999 14.295931816101074219 14.350342750549316406 14.584074974060058594 14.383202552795410156 13.417600631713867188 12.576428413391113281 12.417244911193847656 12.30278778076171875 11.479312896728515625 10.993155479431152344 10.906094551086425781 11.32575225830078125 12.06817626953125 12.9852294921875 13.814696311950683594 14.429314613342285156 15.123280525207519531 15.359041213989257812 15.308637619018554688 15.275124549865722656 15.253409385681152344 15.490916252136230469 15.620569229125976562 15.555215835571289062 15.543795585632324219 15.677509307861328125 15.987372398376464844 16.260866165161132812 16.502679824829101562 16.584836959838867188 16.577325820922851562 16.61590576171875 16.6473388671875 16.547746658325195312 16.2503814697265625 15.766803741455078125 15.580691337585449219
-9999 -9999 -9999 13.8734283447265625 14.207672119140625 14.538683891296386719 14.668896675109863281 14.609195709228515625 14.116671562194824219 14.051942825317382812 13.874901771545410156 13.096375465393066406 12.035895347595214844 11.140834808349609375 11.014593124389648438 11.477319717407226562 12.279218673706054688 12.805789947509765625 13.446805953979492188 14.400656700134277344 14.813860893249511719 14.628953933715820312 14.472941398620605469 14.157396316528320312 14.183455467224121094 14.287533760070800781 14.702733039855957031 14.931932449340820312 15.035797119140625 15.321967124938964844 15.5952301025390625 15.85416412353515625 16.148611068725585938 16.405412673950195312 16.581541061401367188 16.624052047729492188 16.525747299194335938 16.2161712646484375 15.761247634887695312 15.17427825927734375
-9999 -9999 -9999 12.712075233459472656 13.339471817016601562 13.921991348266601562 14.282126426696777344 14.581854820251464844 14.619858741760253906 14.572948455810546875 14.473839759826660156 14.241635322570800781 13.448693275451660156 11.909208297729492188 11.060334205627441406 11.065939903259277344 11.204438209533691406 11.373249053955078125 11.739613533020019531 12.397549629211425781 12.920352935791015625 13.171842575073242188 13.285462379455566406 12.856759071350097656 12.508101463317871094 12.51340484619140625 13.088366508483886719 13.703060150146484375 14.074970245361328125 14.593311309814453125 14.793684959411621094 14.971645355224609375 15.330091476440429688 15.881421089172363281 16.400144577026367188 16.489482879638671875 16.348615646362304688 15.911808967590332031 15.526441574096679688 14.818674087524414062
-9999 -9999 -9999 12.444688796997070312 13.213152885437011719 13.895311355590820312 14.070344924926757812 14.429901123046875 14.550011634826660156 14.514916419982910156 14.480852127075195312 14.334044456481933594 13.741589546203613281 12.390422821044921875 11.388772964477539062 11.467470169067382812 11.572752952575683594 11.428275108337402344 11.346533775329589844 11.411283493041992188 11.570469856262207031 11.860652923583984375 12.129761695861816406 11.96920013427734375 11.810399055480957031 11.908497810363769531 12.224434852600097656 12.732126235961914062 13.074969291687011719 13.798123359680175781 14.693354606628417969 15.053829193115234375 15.368396759033203125 15.744226455688476562 15.996619224548339844 15.926972389221191406 15.782628059387207031 15.196546554565429688 14.860436439514160156 14.609234809875488281
-9999 -9999 -9999 12.67284393310546875 13.583433151245117188 14.341852188110351562 14.372127532958984375 14.554780006408691406 14.581973075866699219 14.47022247314453125 14.24433135986328125 13.864728927612304688 13.056714057922363281 12.001521110534667969 11.941290855407714844 12.67206573486328125 13.052805900573730469 12.578121185302734375 11.841645240783691406 11.642805099487304688 11.825171470642089844 11.711897850036621094 11.628576278686523438 11.682980537414550781 11.7637786865234375 11.875123023986816406 11.954966545104980469 12.143977165222167969 12.645834922790527344 13.522230148315429688 15.167987823486328125 15.809336662292480469 15.951562881469726562 15.939234733581542969 15.371109962463378906 14.721360206604003906 14.497026443481445312 14.221442222595214844 14.273591041564941406 14.523365020751953125
-9999 -9999 -9999 13.005443572998046875 13.937247276306152344 14.546854019165039062 14.686334609985351562 14.790106773376464844 14.845256805419921875 14.644118309020996094 14.166506767272949219 13.482631683349609375 12.657010078430175781 12.085855484008789062 12.585390090942382812 13.582098007202148438 14.361154556274414062 13.961794853210449219 12.66705322265625 12.290011405944824219 13.047759056091308594 12.615499496459960938 12.064534187316894531 11.871625900268554688 11.867856025695800781 11.999179840087890625 12.002134323120117188 12.080180168151855469 12.435647010803222656 13.419155120849609375 14.464075088500976562 15.077198028564453125 15.354983329772949219 15.381319046020507812 14.208858489990234375 13.632294654846191406 13.653927803039550781 13.817371368408203125 14.333561897277832031 14.998238563537597656
-9999 -9999 -9999 13.469597816467285156 14.265049934387207031 14.818423271179199219 14.996725082397460938 15.162962913513183594 15.300522804260253906 15.21883392333984375 14.604516983032226562 13.668553352355957031 12.914271354675292969 12.345577239990234375 12.82732391357421875 13.94266510009765625 14.4610748291015625 13.627086639404296875 12.449308395385742188 12.410501480102539062 13.303150177001953125 13.425672531127929688 13.317605972290039062 12.806608200073242188 12.116123199462890625 11.959131240844726562 12.050671577453613281 12.200522422790527344 12.280056953430175781 12.497017860412597656 12.918503761291503906 13.401859283447265625 13.660475730895996094 13.720004081726074219 13.341910362243652344 13.364419937133789062 13.61316680908203125 13.755064010620117188 14.310699462890625 15.272150039672851562
-9999 -9999 -9999 12.908236503601074219 13.597673416137695312 14.453932762145996094 14.905698776245117188 15.301230430603027344 15.695649147033691406 15.996394157409667969 15.353943824768066406 14.297220230102539062 13.368215560913085938 12.664008140563964844 12.897103309631347656 13.880649566650390625 14.279278755187988281 13.474964141845703125 12.565608024597167969 12.460233688354492188 13.1572265625 13.92675018310546875 14.440245628356933594 14.041754722595214844 12.928476333618164062 12.173349380493164062 12.063624382019042969 12.180523872375488281 12.204402923583984375 12.275835990905761719 12.509253501892089844 12.583512306213378906 12.821290016174316406 12.972001075744628906 13.114985466003417969 13.785868644714355469 14.406939506530761719 14.465209007263183594 14.633012771606445312 15.096070289611816406
-9999 -9999 -9999 12.051761627197265625 12.6977691650390625 13.770587921142578125 14.556283950805664062 15.135127067565917969 16.063802719116210938 16.932132720947265625 16.387937545776367188 14.846529960632324219 13.386758804321289062 13.020105361938476562 13.290089607238769531 14.177984237670898438 15.124586105346679688 14.631836891174316406 13.316019058227539062 12.707729339599609375 13.077700614929199219 14.050630569458007812 15.054667472839355469 14.270055770874023438 13.215190887451171875 12.344064712524414062 12.132063865661621094 12.44944000244140625 12.488679885864257812 12.557988166809082031 12.801679611206054688 12.56769561767578125 12.626447677612304688 12.765501976013183594 13.004560470581054688 13.604174613952636719 14.044252395629882812 14.303986549377441406 14.500151634216308594 14.653998374938964844
-9999 -9999 -9999 11.830461502075195312 12.282811164855957031 13.37726593017578125 14.394350051879882812 14.951300621032714844 16.106943130493164062 17.370914459228515625 17.255632400512695312 15.692955970764160156 14.286590576171875 13.955291748046875 13.872501373291015625 14.621502876281738281 15.866352081298828125 15.472681045532226562 13.901081085205078125 13.105351448059082031 13.551918983459472656 14.918569564819335938 16.3516387939453125 15.728741645812988281 14.693608283996582031 13.048052787780761719 12.241915702819824219 12.485593795776367188 12.790770530700683594 13.315413475036621094 13.551076889038085938 13.042531013488769531 12.710588455200195312 12.8065185546875 12.928800582885742188 13.096830368041992188 13.287805557250976562 13.521089553833007812 13.683391571044921875 13.784040451049804688
-9999 -9999 -9999 12.003603935241699219 12.095860481262207031 12.847909927368164062 13.798117637634277344 14.577991485595703125 15.824327468872070312 17.322406768798828125 17.702808380126953125 16.422908782958984375 15.584074974060058594 15.540239334106445312 14.921417236328125 15.216206550598144531 16.481475830078125 16.156402587890625 14.432168006896972656 13.753373146057128906 14.539943695068359375 15.839125633239746094 17.627162933349609375 17.43769073486328125 15.059670448303222656 13.066008567810058594 12.3453521728515625 12.6748046875 13.360406875610351562 14.21062469482421875 14.449435234069824219 13.612351417541503906 13.204309463500976562 13.0145263671875 13.129868507385253906 13.29508209228515625 13.412481307983398438 13.454640388488769531 13.505415916442871094 13.644303321838378906
