code/src/dem_129_utm.asc
ncols        129
nrows        129
xllcorner    261699.126133739308
yllcorner    3810010.060357617214
dx           136.022111856398
dy           162.093016628873
NODATA_value -9999
[rows 54 to 71 of 129, columns 40 to 79 of 129]
17.844419479370117188 17.765758514404296875 17.784481048583984375 18.154966354370117188 18.72965240478515625 19.227655410766601562 19.88790130615234375 20.194028854370117188 20.05428314208984375 19.089366912841796875 16.960529327392578125 14.870318412780761719 13.684210777282714844 12.614327430725097656 11.615008354187011719 12.127499580383300781 13.245623588562011719 12.985053062438964844 12.444211959838867188 13.789319038391113281 14.155995368957519531 13.022182464599609375 13.355341911315917969 13.926740646362304688 13.319842338562011719 11.872682571411132812 11.07649993896484375 10.867567062377929688 10.828846931457519531 10.633846282958984375 10.220047950744628906 9.9145908355712890625 9.7294187545776367188 9.5686960220336914062 9.3827190399169921875 8.6455326080322265625 6.8205013275146484375 5.2464227676391601562 4.7433543205261230469 3.7292103767395019531
18.329027175903320312 18.463598251342773438 18.717899322509765625 19.2700042724609375 19.679840087890625 19.834402084350585938 19.232791900634765625 18.34283447265625 18.388677597045898438 19.0799713134765625 18.7061614990234375 17.723680496215820312 16.431726455688476562 15.224324226379394531 13.663034439086914062 11.286279678344726562 10.248972892761230469 10.230679512023925781 10.8031768798828125 11.959839820861816406 11.877002716064453125 11.706227302551269531 12.462121963500976562 12.789458274841308594 12.178462028503417969 11.041645050048828125 10.618794441223144531 10.674553871154785156 10.419903755187988281 9.8140468597412109375 9.70552825927734375 9.6881036758422851562 9.6932592391967773438 9.5565586090087890625 9.3578166961669921875 9.0501613616943359375 8.6347856521606445312 8.0120954513549804688 7.4782691001892089844 6.0604510307312011719
19.137590408325195312 19.38988494873046875 19.722875595092773438 19.956411361694335938 19.559274673461914062 18.324138641357421875 16.2670135498046875 15.938837051391601562 16.617170333862304688 17.647714614868164062 18.572177886962890625 18.734394073486328125 18.1015167236328125 16.767522811889648438 14.509341239929199219 11.579500198364257812 9.8717479705810546875 8.556591033935546875 9.0276803970336914062 9.7601308822631835938 10.477403640747070312 10.896044731140136719 11.010381698608398438 10.971295356750488281 10.777201652526855469 10.303215980529785156 10.418736457824707031 10.457085609436035156 10.0209197998046875 9.3829278945922851562 9.4792871475219726562 9.6396837234497070312 9.65123748779296875 9.55622100830078125 9.3209667205810546875 9.0047969818115234375 8.610164642333984375 8.0052118301391601562 7.3480591773986816406 6.5476713180541992188
19.850385665893554688 19.789602279663085938 19.562490463256835938 19.1097869873046875 18.187408447265625 16.847124099731445312 15.039301872253417969 13.841744422912597656 13.816529273986816406 15.26615142822265625 17.235940933227539062 17.806182861328125 16.891077041625976562 14.820283889770507812 13.005455970764160156 11.919098854064941406 10.80690765380859375 8.4947729110717773438 7.6658043861389160156 8.1958866119384765625 9.34413909912109375 9.7037897109985351562 10.124846458435058594 10.305714607238769531 10.283185958862304688 9.8714017868041992188 9.8371820449829101562 9.8510122299194335938 9.6972417831420898438 9.3328256607055664062 9.2046222686767578125 9.5800762176513671875 9.6545801162719726562 9.610752105712890625 9.4691257476806640625 9.2085504531860351562 8.7983570098876953125 7.9875826835632324219 7.1715221405029296875 7.1221485137939453125
20.211711883544921875 20.05095672607421875 19.601522445678710938 19.314670562744140625 19.323955535888671875 18.146261215209960938 16.167440414428710938 13.958509445190429688 12.567309379577636719 13.284556388854980469 15.323481559753417969 15.851459503173828125 15.792985916137695312 14.95717620849609375 13.715806961059570312 12.614542007446289062 11.21704864501953125 8.4203062057495117188 6.5066022872924804688 7.8282847404479980469 8.52271270751953125 8.6380710601806640625 9.6057872772216796875 9.7452297210693359375 9.6853847503662109375 9.3887472152709960938 9.2041215896606445312 9.3239421844482421875 9.449092864990234375 9.2329053878784179688 9.0310506820678710938 9.5684022903442382812 9.777599334716796875 9.8289432525634765625 9.4523334503173828125 9.1497583389282226562 8.688404083251953125 8.1042232513427734375 7.801753997802734375 8.097263336181640625
19.201398849487304688 19.980091094970703125 19.484205245971679688 18.78704071044921875 18.364805221557617188 17.485265731811523438 15.751955986022949219 13.495034217834472656 11.559755325317382812 11.942670822143554688 13.240103721618652344 13.98841094970703125 14.855113983154296875 14.601201057434082031 13.457555770874023438 12.220814704895019531 10.445924758911132812 7.4964656829833984375 5.5417256355285644531 7.0114107131958007812 7.2614340782165527344 7.7531003952026367188 8.8361406326293945312 9.0798635482788085938 9.1355438232421875 9.0680751800537109375 8.8477725982666015625 8.8192605972290039062 9.175189971923828125 8.952663421630859375 8.9923801422119140625 9.6046190261840820312 10.13004302978515625 10.463880538940429688 9.4665355682373046875 9.0869131088256835938 8.6053342819213867188 7.9634318351745605469 7.2355289459228515625 7.4072895050048828125
16.148332595825195312 17.93666839599609375 17.09222412109375 15.613247871398925781 15.557535171508789062 15.798851966857910156 13.44528961181640625 11.206209182739257812 9.8266754150390625 10.237301826477050781 12.146503448486328125 13.412867546081542969 13.639437675476074219 12.920538902282714844 11.859706878662109375 10.908418655395507812 9.7772369384765625 7.9736042022705078125 5.6186041831970214844 5.4218292236328125 5.5406026840209960938 6.3457183837890625 7.6803793907165527344 8.2357263565063476562 8.7326812744140625 8.8460226058959960938 8.3950300216674804688 8.45673370361328125 8.86865234375 8.509891510009765625 9.09954071044921875 9.4676733016967773438 9.7976140975952148438 10.03539276123046875 9.4145669937133789062 9.08991241455078125 8.4868440628051757812 7.3651833534240722656 6.2677278518676757812 6.6959271430969238281
13.156067848205566406 14.870203971862792969 14.365924835205078125 13.162569046020507812 14.011776924133300781 13.873114585876464844 11.730398178100585938 10.099328041076660156 8.88472747802734375 8.9935369491577148438 10.703573226928710938 11.469008445739746094 11.225162506103515625 10.919259071350097656 10.633378982543945312 10.304039955139160156 9.6843414306640625 8.3682165145874023438 6.1806006431579589844 4.3548197746276855469 4.5554947853088378906 7.0839276313781738281 8.480327606201171875 8.53533172607421875 8.8237152099609375 8.8242311477661132812 8.4610605239868164062 7.8949055671691894531 8.1389026641845703125 8.12702178955078125 8.9814853668212890625 9.2181119918823242188 9.2848453521728515625 9.3891201019287109375 9.2629804611206054688 8.9320526123046875 8.219066619873046875 6.6509065628051757812 5.1739869117736816406 5.80153656005859375
11.666599273681640625 12.386503219604492188 12.320291519165039062 11.523084640502929688 13.249364852905273438 12.981584548950195312 11.540191650390625 10.298007965087890625 9.3338403701782226562 8.5887517929077148438 8.0477886199951171875 8.624675750732421875 9.4341917037963867188 9.8444700241088867188 9.9917783737182617188 9.7491121292114257812 9.0305633544921875 7.0017514228820800781 4.7512788772583007812 3.4535176753997802734 5.1169462203979492188 7.9661030769348144531 8.6459188461303710938 8.6116285324096679688 8.687099456787109375 8.5935211181640625 7.9516086578369140625 7.0070986747741699219 7.5740380287170410156 7.9491786956787109375 8.8631963729858398438 9.0780477523803710938 8.9855775833129882812 8.945262908935546875 8.7003269195556640625 8.215061187744140625 7.6951231956481933594 6.5559606552124023438 4.7204608917236328125 4.2802042961120605469
10.008907318115234375 9.9185476303100585938 10.130144119262695312 9.5388097763061523438 11.044241905212402344 11.283820152282714844 10.720800399780273438 10.288369178771972656 9.9367341995239257812 9.6233243942260742188 8.1516256332397460938 7.0718245506286621094 8.5405607223510742188 9.8535833358764648438 9.7808485031127929688 9.5091753005981445312 9.1213703155517578125 6.2262163162231445312 3.2717909812927246094 3.1943325996398925781 5.4938244819641113281 7.0243916511535644531 7.3162474632263183594 6.9602909088134765625 7.2660422325134277344 7.1344313621520996094 6.2543687820434570312 7.1330771446228027344 7.9114980697631835938 7.9823193550109863281 8.7425708770751953125 9.042430877685546875 9.0434932708740234375 9.013065338134765625 8.8138647079467773438 8.2246026992797851562 7.5495162010192871094 6.9000658988952636719 5.6764888763427734375 4.0380520820617675781
8.8922319412231445312 8.7481126785278320312 8.7444391250610351562 8.0717649459838867188 8.0357427597045898438 8.3342256546020507812 8.84711456298828125 9.35196685791015625 9.2926197052001953125 8.8233919143676757812 7.5964908599853515625 6.6659321784973144531 8.5519666671752929688 9.631320953369140625 9.2267093658447265625 8.8047590255737304688 8.2040882110595703125 5.0243582725524902344 2.5169856548309326172 3.5310690402984619141 5.4498872756958007812 4.1457681655883789062 4.1548991203308105469 4.8332095146179199219 5.6117615699768066406 6.3546323776245117188 7.0035228729248046875 8.1147127151489257812 8.3091650009155273438 8.212459564208984375 8.5475053787231445312 9.0257816314697265625 9.2729206085205078125 9.2443332672119140625 9.1761350631713867188 8.9516201019287109375 8.2535867691040039062 7.628330230712890625 7.2838025093078613281 5.5436091423034667969
10.975154876708984375 10.728006362915039062 10.114055633544921875 8.9949283599853515625 7.5760211944580078125 6.6160869598388671875 6.8694138526916503906 7.6261539459228515625 7.7414026260375976562 6.9955959320068359375 5.7966284751892089844 6.0110902786254882812 8.31240081787109375 9.3202342987060546875 9.3120603561401367188 8.2731761932373046875 5.7287321090698242188 4.3850769996643066406 3.5193669795989990234 1.8012397289276123047 2.4730427265167236328 3.5627431869506835938 5.6993327140808105469 6.7486400604248046875 7.3267788887023925781 7.5749101638793945312 7.9274425506591796875 8.3882989883422851562 8.3874263763427734375 8.3196668624877929688 8.6834087371826171875 9.0339269638061523438 9.2713766098022460938 9.1700916290283203125 8.92664337158203125 8.7374696731567382812 8.44786834716796875 7.5533857345581054688 6.5961856842041015625 4.874050140380859375
14.267733573913574219 13.131633758544921875 11.752244949340820312 10.121129035949707031 8.4139623641967773438 6.8998312950134277344 5.8714385032653808594 5.4867234230041503906 5.6617298126220703125 5.0956974029541015625 4.9227147102355957031 6.874446868896484375 8.103923797607421875 8.7250947952270507812 9.0637903213500976562 7.7307353019714355469 5.1754765510559082031 4.4744610786437988281 3.3909864425659179688 2.3836262226104736328 5.1872544288635253906 6.8158397674560546875 7.4988789558410644531 7.7101464271545410156 7.9747166633605957031 7.8196239471435546875 7.6627645492553710938 7.9769530296325683594 8.508487701416015625 8.5574941635131835938 8.9264192581176757812 9.0804204940795898438 9.1905050277709960938 9.2096090316772460938 8.951290130615234375 8.274372100830078125 7.3364992141723632812 5.7718367576599121094 4.4383912086486816406 3.7004208564758300781
15.300678253173828125 13.753609657287597656 11.511527061462402344 9.5180711746215820312 7.9198551177978515625 6.6251578330993652344 5.5785732269287109375 4.8368549346923828125 4.5794925689697265625 4.7014412879943847656 4.2599592208862304688 5.7966394424438476562 6.0875043869018554688 6.886013031005859375 7.6026940345764160156 6.4036426544189453125 4.1971783638000488281 2.8810520172119140625 1.0204424858093261719 3.5175621509552001953 6.9325380325317382812 7.9971470832824707031 7.8048996925354003906 7.36705780029296875 7.4487781524658203125 7.2081294059753417969 7.6196074485778808594 7.5971345901489257812 8.5132970809936523438 9.4741611480712890625 9.53890228271484375 9.2950534820556640625 9.151020050048828125 9.0387964248657226562 8.839588165283203125 8.16489410400390625 6.4162096977233886719 5.003818511962890625 5.4451236724853515625 6.2934465408325195312
14.078576087951660156 12.923409461975097656 11.028489112854003906 9.0508966445922851562 7.4737315177917480469 6.4046392440795898438 6.0056986808776855469 5.7584958076477050781 5.7997250556945800781 6.751789093017578125 4.9942345619201660156 3.9798226356506347656 3.6765227317810058594 3.8042438030242919922 4.2418003082275390625 2.8560819625854492188 1.6527936458587646484 1.1354864835739135742 0.65747833251953125 1.2205413579940795898 5.6302218437194824219 6.9477910995483398438 6.6213474273681640625 6.824451446533203125 6.8531637191772460938 6.3410062789916992188 7.5544848442077636719 7.6245350837707519531 8.1144313812255859375 9.945552825927734375 10.199383735656738281 9.643280029296875 9.2706937789916992188 9.0196895599365234375 8.6654348373413085938 8.0066080093383789062 7.0354046821594238281 7.0195040702819824219 8.1933040618896484375 8.8044414520263671875
13.105646133422851562 11.992618560791015625 10.469448089599609375 8.959789276123046875 7.8291869163513183594 7.3580613136291503906 7.30486297607421875 7.2832326889038085938 7.7495684623718261719 8.839916229248046875 7.4232177734375 6.1334075927734375 5.8629899024963378906 3.9001574516296386719 3.7366418838500976562 4.0150012969970703125 4.7543196678161621094 3.7552945613861083984 2.4418437480926513672 0.62852406501770019531 3.6469984054565429688 6.358333587646484375 5.6400160789489746094 5.4937372207641601562 5.6442518234252929688 7.4293065071105957031 8.1750459671020507812 8.3669614791870117188 7.7270026206970214844 8.7181081771850585938 9.8258800506591796875 9.6991634368896484375 9.5443048477172851562 9.215236663818359375 8.9478435516357421875 8.7249479293823242188 8.6535425186157226562 8.9949131011962890625 8.9278879165649414062 7.7496056556701660156
12.110380172729492188 11.613453865051269531 10.924801826477050781 9.853450775146484375 9.0709848403930664062 8.9360713958740234375 9.0755548477172851562 9.2768383026123046875 9.6433696746826171875 9.9694004058837890625 9.5738210678100585938 8.8149509429931640625 7.5861496925354003906 5.9729585647583007812 7.6052799224853515625 8.3953046798706054688 7.8685235977172851562 6.8571333885192871094 2.9580435752868652344 0.36071103811264038086 1.3570032119750976562 4.3237791061401367188 4.6678152084350585938 3.4665770530700683594 5.6763472557067871094 7.35555267333984375 8.1609220504760742188 8.44207763671875 7.6651816368103027344 7.9961209297180175781 8.9839029312133789062 8.9851236343383789062 9.246410369873046875 8.8295488357543945312 8.9689130783081054688 9.3644161224365234375 9.1812639236450195312 8.3208217620849609375 6.9879808425903320312 5.3887028694152832031
10.379613876342773438 11.168626785278320312 11.603093147277832031 11.159369468688964844 10.611173629760742188 10.4066162109375 10.472835540771484375 10.782449722290039062 10.694549560546875 10.421740531921386719 10.043283462524414062 9.1061334609985351562 8.052959442138671875 7.5875458717346191406 8.2400121688842773438 8.4576158523559570312 7.1592144966125488281 6.3393735885620117188 3.9869313240051269531 1.0152993202209472656 0.22667445242404937744 0.7589352726936340332 1.4176486730575561523 1.7689148187637329102 4.5999059677124023438 7.3541803359985351562 8.4484806060791015625 8.8451786041259765625 8.291072845458984375 7.9497060775756835938 8.8296527862548828125 9.151401519775390625 8.935657501220703125 8.407012939453125 7.8434085845947265625 7.8566422462463378906 7.2511935234069824219 6.1499772071838378906 5.0808782577514648438 4.1139974594116210938
