code/src/dem_129_utm.asc
ncols        129
nrows        129
xllcorner    261699.126133739308
yllcorner    3810010.060357617214
dx           136.022111856398
dy           162.093016628873
NODATA_value -9999
[rows 90 to 107 of 129, columns 40 to 79 of 129]
4.49848175048828125 6.4643349647521972656 5.8777666091918945312 3.5700774192810058594 1.699103236198425293 0.73775088787078857422 -0.11654786020517349243 -0.74423605203628540039 -0.74006009101867675781 -0.76767927408218383789 -0.85524553060531616211 -0.90735089778900146484 -0.99929594993591308594 -0.59806793928146362305 -0.10461451113224029541 -0.35457241535186767578 -0.81472110748291015625 -0.93115085363388061523 -1.0796725749969482422 -1.1682125329971313477 -1.119057774543762207 -1.1097326278686523438 -0.92388796806335449219 -0.66033369302749633789 -0.78952461481094360352 -0.674163818359375 -0.69782876968383789062 -0.59196770191192626953 -0.75177758932113647461 -1.0445500612258911133 -0.76047718524932861328 -0.34695321321487426758 -0.20584824681282043457 -0.21587739884853363037 0.78928804397583007812 1.5140907764434814453 1.1838818788528442383 -0.00060375378234311938286 -0.91539424657821655273 -1.1638705730438232422
1.5038398504257202148 2.1238551139831542969 1.9224390983581542969 0.83099573850631713867 0.043382089585065841675 -0.19743785262107849121 -0.83260291814804077148 -1.1775056123733520508 -1.1730272769927978516 -1.1893724203109741211 -1.2037501335144042969 -1.1661027669906616211 -0.77237915992736816406 0.16118504106998443604 0.095593124628067016602 -0.72051250934600830078 -0.91759121417999267578 -0.82759797573089599609 -0.97191590070724487305 -1.0662189722061157227 -0.87326705455780029297 -0.7510522007942199707 -0.3014996647834777832 0.10729121416807174683 -0.2874317169189453125 -0.88416630029678344727 -0.69161003828048706055 -0.11636162549257278442 -0.42336103320121765137 -0.66407263278961181641 0.085856035351753234863 0.55879098176956176758 0.73447364568710327148 1.0222314596176147461 0.96564877033233642578 0.12982633709907531738 -0.86047774553298950195 -1.188132166862487793 -1.2098762989044189453 -1.2097668647766113281
-0.59296602010726928711 -0.46012091636657714844 -0.25857073068618774414 -0.56346237659454345703 -0.94806027412414550781 -0.97557693719863891602 -1.1473572254180908203 -1.209820866584777832 -1.2100000381469726562 -1.209425806999206543 -1.1768345832824707031 -0.99526250362396240234 -0.54661577939987182617 -0.22491675615310668945 -0.61106991767883300781 -0.80263680219650268555 -0.63927501440048217773 -0.5581538081169128418 -0.79641526937484741211 -0.9374573826789855957 -0.75894683599472045898 -0.32244762778282165527 0.23001688718795776367 0.39125400781631469727 0.26892626285552978516 -0.58910661935806274414 -0.87216222286224365234 0.21682955324649810791 0.10522643476724624634 0.43582668900489807129 0.96884948015213012695 1.1856440305709838867 1.152760624885559082 0.19883011281490325928 -0.83792334794998168945 -1.1764788627624511719 -1.2093043327331542969 -1.2100000381469726562 -1.2100000381469726562 -1.2100000381469726562
-0.73316836357116699219 -1.0156235694885253906 -0.93635588884353637695 -1.1104753017425537109 -1.2024561166763305664 -1.2055739164352416992 -1.2099596261978149414 -1.2100000381469726562 -1.2068887948989868164 -1.0166548490524291992 -0.29365941882133483887 -0.056077264249324798584 -0.62357246875762939453 -0.87774175405502319336 -0.71794259548187255859 -0.42504987120628356934 -0.28633195161819458008 -0.34953075647354125977 -0.70593470335006713867 -0.81277644634246826172 -0.75342124700546264648 -0.081855662167072296143 0.40298050642013549805 0.44840911030769348145 0.38692188262939453125 0.089933708310127258301 -0.36109375953674316406 0.77633720636367797852 1.2770313024520874023 1.5233861207962036133 1.4262323379516601562 0.51360952854156494141 -0.65137237310409545898 -1.1366807222366333008 -1.2086678743362426758 -1.2100000381469726562 -1.2100000381469726562 -1.2100000381469726562 -1.2100000381469726562 -1.2100000381469726562
-0.82426351308822631836 -1.057492375373840332 -1.1701455116271972656 -1.206002354621887207 -1.2099403142929077148 -1.2100000381469726562 -1.2100000381469726562 -1.2034547328948974609 -1.0163284540176391602 -0.25249239802360534668 0.7385056614875793457 0.40843209624290466309 -0.65233749151229858398 -0.71122819185256958008 -0.28733393549919128418 -0.055647503584623336792 -0.099926650524139404297 -0.35707774758338928223 -0.56550657749176025391 -0.62238401174545288086 -0.52981323003768920898 0.058815363794565200806 0.42147004604339599609 0.41689226031303405762 0.44932854175567626953 0.71230882406234741211 1.09383392333984375 1.52105712890625 1.3342313766479492188 0.45045548677444458008 -0.4977512359619140625 -1.0871957540512084961 -1.2060979604721069336 -1.2100000381469726562 -1.2100000381469726562 -1.2100000381469726562 -1.2100000381469726562 -1.2100000381469726562 -1.2099725008010864258 -1.2094161510467529297
-1.1612818241119384766 -1.1885598897933959961 -1.2088590860366821289 -1.2100000381469726562 -1.2100000381469726562 -1.2100000381469726562 -1.197917938232421875 -0.93904995918273925781 -0.24262201786041259766 0.34419560432434082031 0.5071519017219543457 -0.037823237478733062744 -0.69139814376831054688 -0.46220239996910095215 -0.19596315920352935791 -0.007791303098201751709 -0.16725726425647735596 -0.25986051559448242188 -0.31253132224082946777 -0.51789045333862304688 -0.40524819493293762207 -0.012809691950678825378 0.37090930342674255371 0.61866593360900878906 1.1068029403686523438 1.4237923622131347656 1.3243105411529541016 0.69651216268539428711 -0.29062852263450622559 -1.0456173419952392578 -1.2035237550735473633 -1.2099956274032592773 -1.2100000381469726562 -1.2100000381469726562 -1.2100000381469726562 -1.2100000381469726562 -1.2099698781967163086 -1.2091940641403198242 -1.2054369449615478516 -1.184542536735534668
-1.2055050134658813477 -1.2099403142929077148 -1.2099956274032592773 -1.2100000381469726562 -1.2099999189376831055 -1.1830694675445556641 -0.86391466856002807617 -0.14775778353214263916 0.20026831328868865967 0.19479471445083618164 0.23192664980888366699 0.10675369203090667725 -0.39778128266334533691 -0.25912535190582275391 -0.17159155011177062988 -0.050663847476243972778 -0.20616927742958068848 -0.10183294117450714111 -0.2514209449291229248 -0.50135701894760131836 -0.038570571690797805786 0.3262564539909362793 0.94888001680374145508 1.4558253288269042969 1.4475721120834350586 0.89605754613876342773 -0.019033573567867279053 -0.92887467145919799805 -1.1870522499084472656 -1.2098519802093505859 -1.2100000381469726562 -1.2100000381469726562 -1.2100000381469726562 -1.2100000381469726562 -1.2099744081497192383 -1.2090877294540405273 -1.2038118839263916016 -1.186305999755859375 -1.1363425254821777344 -1.0192399024963378906
-1.0824253559112548828 -1.1986304521560668945 -1.1985065937042236328 -1.2098668813705444336 -1.1791330575942993164 -0.72837722301483154297 0.12678813934326171875 0.42299884557723999023 0.081390924751758575439 0.10688527673482894897 0.28950750827789306641 0.26404732465744018555 0.091156892478466033936 -0.060172602534294128418 -0.10026427358388900757 0.055099319666624069214 -0.0081254169344902038574 -0.33205953240394592285 -0.31477573513984680176 0.34108129143714904785 1.1503200531005859375 1.4364899396896362305 1.7480608224868774414 1.3020392656326293945 0.24489195644855499268 -0.72580516338348388672 -1.1443058252334594727 -1.20867919921875 -1.2100000381469726562 -1.2100000381469726562 -1.2100000381469726562 -1.2100000381469726562 -1.2099831104278564453 -1.2091277837753295898 -1.2029832601547241211 -1.183430790901184082 -1.135953068733215332 -1.049266815185546875 -0.96207314729690551758 -0.89241272211074829102
-0.77013504505157470703 -0.74372476339340209961 -0.92718374729156494141 -1.1479163169860839844 -0.66103881597518920898 0.33208435773849487305 0.74502921104431152344 0.37264358997344970703 -0.026286784559488296509 0.14114674925804138184 0.29290232062339782715 0.28464043140411376953 0.26673558354377746582 0.15526798367500305176 -0.012556702829897403717 0.1155522465705871582 -0.12224669009447097778 -0.29862967133522033691 0.3170083165168762207 1.3963925838470458984 1.7279316186904907227 1.1761505603790283203 0.50683987140655517578 -0.4984042048454284668 -1.1064372062683105469 -1.2066053152084350586 -1.2100000381469726562 -1.2100000381469726562 -1.2100000381469726562 -1.2100000381469726562 -1.2099968194961547852 -1.209392547607421875 -1.2032082080841064453 -1.1816070079803466797 -1.1347006559371948242 -1.053948521614074707 -0.96815562248229980469 -0.92367660999298095703 -0.9147141575813293457 -0.87666988372802734375
-0.28025934100151062012 -0.54343682527542114258 -1.0382039546966552734 -0.67255163192749023438 0.3721351921558380127 0.75221914052963256836 0.49822902679443359375 0.2488466799259185791 0.026001961901783943176 0.18529343605041503906 0.28411766886711120605 0.28885540366172790527 0.29286146163940429688 0.32845857739448547363 0.29896113276481628418 0.11122604459524154663 0.17506435513496398926 0.72720313072204589844 1.2587962150573730469 1.1619751453399658203 0.4230810701847076416 -0.45349657535552978516 -1.0359930992126464844 -1.2030020952224731445 -1.2099921703338623047 -1.2100000381469726562 -1.2100000381469726562 -1.2100000381469726562 -1.2099999189376831055 -1.2098026275634765625 -1.2058414220809936523 -1.1857728958129882812 -1.1370502710342407227 -1.0581277608871459961 -0.97373598814010620117 -0.92587643861770629883 -0.91492766141891479492 -0.91440194845199584961 -0.91440176963806152344 -0.87183147668838500977
-0.41073668003082275391 -1.0133174657821655273 -0.76934778690338134766 -0.0691205635666847229 0.38756823539733886719 0.39831715822219848633 0.28470319509506225586 0.062065578997135162354 -0.16311430931091308594 0.16255478560924530029 0.320587158203125 0.27882093191146850586 0.30443230271339416504 0.5209395289421081543 0.68888533115386962891 0.73266834020614624023 1.2311052083969116211 1.2692964076995849609 0.54087334871292114258 -0.31169751286506652832 -0.95918607711791992188 -1.1843599081039428711 -1.2099953889846801758 -1.2100000381469726562 -1.2100000381469726562 -1.2100000381469726562 -1.2100000381469726562 -1.2099564075469970703 -1.2079024314880371094 -1.1930499076843261719 -1.1501036882400512695 -1.0753934383392333984 -0.98604172468185424805 -0.92916929721832275391 -0.91519087553024291992 -0.91440260410308837891 -0.91440176963806152344 -0.91440176963806152344 -0.91440176963806152344 -0.86900824308395385742
-0.96523606777191162109 -0.73030412197113037109 -0.23309852182865142822 0.060748562216758728027 0.15658849477767944336 0.22799499332904815674 0.00052509654778987169266 -0.18814025819301605225 0.025277094915509223938 0.26133862137794494629 0.31191575527191162109 0.36650943756103515625 0.59995514154434204102 0.98668962717056274414 1.3160413503646850586 1.340615391731262207 0.76294821500778198242 -0.10324500501155853271 -0.82673877477645874023 -1.1649214029312133789 -1.209214329719543457 -1.2100000381469726562 -1.2100000381469726562 -1.2100000381469726562 -1.2100000381469726562 -1.2099955081939697266 -1.209189295768737793 -1.1996562480926513672 -1.1631320714950561523 -1.0947822332382202148 -1.0086969137191772461 -0.94045233726501464844 -0.91654700040817260742 -0.91440790891647338867 -0.91440176963806152344 -0.91440176963806152344 -0.91440176963806152344 -0.91440176963806152344 -0.91440176963806152344 -0.86146771907806396484
-0.085623666644096374512 0.13106858730316162109 -0.064777933061122894287 -0.19975769519805908203 -0.11791541427373886108 -0.072821982204914093018 -0.1534996330738067627 -0.20691032707691192627 0.034145303070545196533 0.29051268100738525391 0.50909668207168579102 0.88528931140899658203 1.3081188201904296875 1.4424010515213012695 0.85959744453430175781 -0.0059382538311183452606 -0.69982820749282836914 -1.1071035861968994141 -1.2068101167678833008 -1.2100000381469726562 -1.2100000381469726562 -1.2100000381469726562 -1.2100000381469726562 -1.2099999189376831055 -1.2097427845001220703 -1.2044987678527832031 -1.1763972043991088867 -1.1136015653610229492 -1.0304921865463256836 -0.95521259307861328125 -0.91988736391067504883 -0.91447985172271728516 -0.91440176963806152344 -0.91440176963806152344 -0.91440176963806152344 -0.91440176963806152344 -0.91440176963806152344 -0.91440176963806152344 -0.91440176963806152344 -0.85022848844528198242
0.41710826754570007324 -0.011694554239511489868 -0.52791488170623779297 -0.59782290458679199219 -0.41901412606239318848 -0.29114320874214172363 -0.054122895002365112305 0.096846751868724822998 0.16973960399627685547 0.62220048904418945312 1.2085262537002563477 1.528069615364074707 1.0888746976852416992 0.11828298121690750122 -0.64126265048980712891 -1.0633350610733032227 -1.2005285024642944336 -1.2099744081497192383 -1.2100000381469726562 -1.2100000381469726562 -1.2100000381469726562 -1.2100000381469726562 -1.2099500894546508789 -1.2075152397155761719 -1.1877679824829101562 -1.1311526298522949219 -1.051020503044128418 -0.97306996583938598633 -0.92119520902633666992 -0.89670503139495849609 -0.88920933008193969727 -0.89049696922302246094 -0.8922481536865234375 -0.89613234996795654297 -0.89964854717254638672 -0.90098470449447631836 -0.90200406312942504883 -0.90319204330444335938 -0.90576589107513427734 -0.84102839231491088867
0.31422701478004455566 0.070774085819721221924 0.0092714335769414901733 0.090616993606090545654 0.21866580843925476074 0.37842682003974914551 0.41587778925895690918 0.46422225236892700195 0.86751383543014526367 1.4396946430206298828 1.4037218093872070312 0.3479531705379486084 -0.55245959758758544922 -1.0096983909606933594 -1.1852995157241821289 -1.2096232175827026367 -1.2100000381469726562 -1.2100000381469726562 -1.2100000381469726562 -1.2100000381469726562 -1.209994196891784668 -1.2091051340103149414 -1.1974643468856811523 -1.1501497030258178711 -1.0701581239700317383 -0.99018740653991699219 -0.93504565954208374023 -0.91481810808181762695 -0.84351378679275512695 -0.67753100395202636719 -0.59782373905181884766 -0.6099147796630859375 -0.62497299909591674805 -0.65018129348754882812 -0.67352825403213500977 -0.68758511543273925781 -0.70034337043762207031 -0.71438622474670410156 -0.73855394124984741211 -0.70263516902923583984
-0.10336955636739730835 -0.051282510161399841309 -0.059042222797870635986 -0.098992340266704559326 0.095906361937522888184 0.46142327785491943359 0.85339838266372680664 1.4037289619445800781 1.6492512226104736328 0.82090836763381958008 -0.32918900251388549805 -0.95240151882171630859 -1.1661319732666015625 -1.2080134153366088867 -1.2099930047988891602 -1.2100000381469726562 -1.2100000381469726562 -1.2100000381469726562 -1.2099997997283935547 -1.2097400426864624023 -1.2037041187286376953 -1.1678224802017211914 -1.0911298990249633789 -1.0081036090850830078 -0.94626164436340332031 -0.91861921548843383789 -0.91445678472518920898 -0.91097331047058105469 -0.7352740168571472168 -0.33327645063400268555 -0.13030195236206054688 -0.13230665028095245361 -0.13893182575702667236 -0.15667179226875305176 -0.17244309186935424805 -0.17914490401744842529 -0.18462915718555450439 -0.19230784475803375244 -0.21673792600631713867 -0.22037786245346069336
-0.21573512256145477295 -0.14910276234149932861 -0.10816648602485656738 0.16001424193382263184 0.47031906247138977051 1.1981166601181030273 1.6310708522796630859 1.2369432449340820312 0.027173457667231559753 -0.83001339435577392578 -1.1298530101776123047 -1.2033103704452514648 -1.2098879814147949219 -1.2100000381469726562 -1.2100000381469726562 -1.2100000381469726562 -1.2100000381469726562 -1.2099525928497314453 -1.2074834108352661133 -1.184029698371887207 -1.1134743690490722656 -1.0248733758926391602 -0.95853626728057861328 -0.92323184013366699219 -0.91473519802093505859 -0.91440176963806152344 -0.91440176963806152344 -0.90996497869491577148 -0.69272202253341674805 -0.22818414866924285889 -0.0027626706287264823914 0 0 0 0 0 0 -2.2187414288055151701e-05 -0.00016392038378398865461 -0.00023187165788840502501
0.26734519004821777344 0.37493094801902770996 0.83895862102508544922 1.1551736593246459961 1.6225738525390625 1.5886425971984863281 0.41488131880760192871 -0.68547701835632324219 -1.0940091609954833984 -1.1937000751495361328 -1.2092652320861816406 -1.2099972963333129883 -1.2100000381469726562 -1.2100000381469726562 -1.2100000381469726562 -1.2099950313568115234 -1.2091459035873413086 -1.1959588527679443359 -1.1381757259368896484 -1.0452330112457275391 -0.97074228525161743164 -0.92909073829650878906 -0.91553628444671630859 -0.91440469026565551758 -0.91440176963806152344 -0.91440176963806152344 -0.91440176963806152344 -0.90855425596237182617 -0.66967761516571044922 -0.20743317902088165283 -0.0022171169985085725784 0 0 0 0 0 0 0 0 0
