code/src/dem_129_utm.asc
ncols        129
nrows        129
xllcorner    261699.126133739308
yllcorner    3810010.060357617214
dx           136.022111856398
dy           162.093016628873
NODATA_value -9999
[rows 54 to 71 of 129, columns 80 to 119 of 129]
2.4862914085388183594 1.9632558822631835938 1.9125717878341674805 2.4990625381469726562 2.3770213127136230469 1.9799411296844482422 1.7199097871780395508 1.9427397251129150391 4.5691113471984863281 7.4628615379333496094 7.2698922157287597656 6.4836902618408203125 7.4703578948974609375 9.3854875564575195312 9.8666944503784179688 9.6534109115600585938 9.4992704391479492188 9.4462442398071289062 9.298553466796875 8.8458738327026367188 8.6489439010620117188 8.1567745208740234375 6.7304358482360839844 7.9690785408020019531 9.4520883560180664062 9.8252115249633789062 10.006212234497070312 9.9893388748168945312 9.2999448776245117188 7.9832606315612792969 6.7573223114013671875 6.0001726150512695312 4.9364895820617675781 3.2057144641876220703 1.2151062488555908203 0.030618246644735336304 -0.046130523085594177246 0.53113996982574462891 1.8705232143402099609 3.4911751747131347656
3.384632110595703125 3.5842025279998779297 4.8109340667724609375 6.0731458663940429688 5.7356324195861816406 5.4342794418334960938 4.9254012107849121094 2.4531731605529785156 2.0003266334533691406 3.0349695682525634766 3.7503004074096679688 4.1275734901428222656 6.1772966384887695312 9.068363189697265625 10.026164054870605469 9.7610874176025390625 9.5396099090576171875 9.4089794158935546875 9.148590087890625 9.125629425048828125 9.31264495849609375 8.8283014297485351562 6.1716527938842773438 5.9773426055908203125 8.4977855682373046875 9.8381414413452148438 9.2271299362182617188 8.1475687026977539062 7.0024900436401367188 5.96869659423828125 5.1287240982055664062 4.8404064178466796875 4.30816650390625 2.9871668815612792969 1.2361342906951904297 0.020947795361280441284 -0.07061532139778137207 0.32099491357803344727 0.99949765205383300781 2.0004603862762451172
5.4482488632202148438 6.8423867225646972656 8.0400180816650390625 8.48923492431640625 8.4332599639892578125 8.6513490676879882812 7.5600008964538574219 3.9010715484619140625 1.013011932373046875 1.2752741575241088867 2.7202947139739990234 3.2197082042694091797 5.4631776809692382812 8.2652330398559570312 9.4714422225952148438 9.5524158477783203125 9.6254854202270507812 9.6262979507446289062 9.3314075469970703125 9.23081207275390625 9.2126646041870117188 7.959178924560546875 4.5306973457336425781 5.2788295745849609375 7.5368723869323730469 8.3166294097900390625 6.9042348861694335938 6.0801181793212890625 5.5140213966369628906 4.93671417236328125 4.5977649688720703125 4.3459320068359375 4.215038299560546875 3.5083124637603759766 2.0916798114776611328 0.45819911360740661621 -0.2122217714786529541 0.032514140009880065918 0.18507882952690124512 0.40816232562065124512
7.6958971023559570312 8.6288890838623046875 8.7018413543701171875 8.515537261962890625 8.55405426025390625 8.4532995223999023438 6.9676494598388671875 3.760150909423828125 1.0725321769714355469 1.2269508838653564453 4.0113697052001953125 5.8038763999938964844 6.5684080123901367188 7.3344979286193847656 8.563999176025390625 8.9590301513671875 9.2588224411010742188 9.4989404678344726562 9.5204286575317382812 9.4404201507568359375 9.7741861343383789062 8.8935108184814453125 4.8035736083984375 4.1176624298095703125 6.0123357772827148438 6.0087933540344238281 5.5992503166198730469 5.256359100341796875 4.9697899818420410156 4.6380701065063476562 4.2486162185668945312 3.8271670341491699219 3.5693786144256591797 3.2629930973052978516 2.5725703239440917969 1.1132876873016357422 -0.31267908215522766113 -0.44272810220718383789 -0.43167352676391601562 -0.59083116054534912109
8.3706998825073242188 8.478252410888671875 8.3660297393798828125 7.57894134521484375 7.1604299545288085938 7.2619752883911132812 4.9887971878051757812 1.6662595272064208984 0.88988578319549560547 2.5059797763824462891 5.210170745849609375 7.5772604942321777344 9.030487060546875 8.7448472976684570312 8.1320791244506835938 8.4645843505859375 8.5660448074340820312 9.1414957046508789062 9.8000268936157226562 10.001077651977539062 9.6706724166870117188 7.5828752517700195312 4.5638480186462402344 3.0168559551239013672 4.5949206352233886719 4.6002717018127441406 4.6827039718627929688 4.7065463066101074219 4.4528498649597167969 4.1606807708740234375 3.6059925556182861328 2.8221418857574462891 2.2222759723663330078 1.9208357334136962891 1.5127692222595214844 0.65428137779235839844 -0.52474606037139892578 -0.95046049356460571289 -0.99256503582000732422 -1.111592411994934082
8.0230588912963867188 8.1742496490478515625 8.0079965591430664062 6.8157763481140136719 5.119701385498046875 4.8862295150756835938 3.3293039798736572266 0.88319230079650878906 1.3398604393005371094 4.7007746696472167969 7.3219008445739746094 8.5713262557983398438 9.0221586227416992188 8.6089000701904296875 7.9752316474914550781 8.763736724853515625 9.4821062088012695312 9.8923292160034179688 9.622180938720703125 8.145519256591796875 6.3092885017395019531 4.8835768699645996094 3.1728892326354980469 1.8850817680358886719 3.4693665504455566406 3.8314979076385498047 3.8918373584747314453 3.9570791721343994141 3.7576529979705810547 3.3133103847503662109 2.3288395404815673828 1.1843750476837158203 0.79176986217498779297 0.63963484764099121094 0.45727980136871337891 0.11980306357145309448 -0.64239537715911865234 -1.1417186260223388672 -1.1970630884170532227 -1.2081733942031860352
7.7911510467529296875 7.893199920654296875 7.6590213775634765625 7.0154056549072265625 5.3365879058837890625 3.1740839481353759766 1.3393661975860595703 0.41534674167633056641 1.2615392208099365234 3.3991146087646484375 6.1629581451416015625 7.4845433235168457031 8.061344146728515625 8.3484106063842773438 8.2963380813598632812 9.319057464599609375 9.1842203140258789062 8.0090589523315429688 6.63794708251953125 5.6088323593139648438 4.9962024688720703125 4.3838624954223632812 3.16387176513671875 1.4154237508773803711 2.0766675472259521484 2.6600139141082763672 3.1472630500793457031 3.257297515869140625 3.021106719970703125 2.199054718017578125 1.1374508142471313477 0.35642984509468078613 0.20616744458675384521 0.16168639063835144043 0.1222395971417427063 -0.00080001138849183917046 -0.50917547941207885742 -1.0239632129669189453 -1.1898185014724731445 -1.2099767923355102539
7.0707135200500488281 7.4741005897521972656 7.7241606712341308594 7.7623577117919921875 7.2680592536926269531 4.39557647705078125 1.2005177736282348633 0.39792275428771972656 2.4894611835479736328 4.4637207984924316406 5.1410989761352539062 6.1461782455444335938 7.5143766403198242188 8.7253007888793945312 8.85953521728515625 7.8359961509704589844 6.4104819297790527344 5.4575223922729492188 5.2112193107604980469 4.8835263252258300781 4.5185379981994628906 4.1829228401184082031 3.4644067287445068359 1.8280173540115356445 0.67832732200622558594 1.315367579460144043 2.4018599987030029297 2.5358514785766601562 1.6851171255111694336 0.79627466201782226562 0.51210045814514160156 0.23581966757774353027 0.10338602215051651001 0.11338721960783004761 0.086978510022163391113 0.028297381475567817688 -0.11113936454057693481 -0.46473726630210876465 -0.94830232858657836914 -1.1639916896820068359
5.6286330223083496094 7.1823620796203613281 8.1320953369140625 8.360324859619140625 7.782764434814453125 5.2217440605163574219 1.5967670679092407227 0.33638721704483032227 2.8150820732116699219 6.9789166450500488281 8.0724048614501953125 8.2365083694458007812 8.2412357330322265625 7.4708847999572753906 6.350555419921875 5.6680145263671875 5.0850377082824707031 4.6840486526489257812 4.5352935791015625 4.3972105979919433594 4.2578310966491699219 3.6561248302459716797 2.8088316917419433594 1.5400245189666748047 0.4513085484504699707 0.93215078115463256836 1.2521647214889526367 0.92689192295074462891 0.37440651655197143555 0.21320678293704986572 0.59822958707809448242 0.61641728878021240234 0.15096996724605560303 0.22594077885150909424 0.20523916184902191162 0.085702516138553619385 0.053935389965772628784 -0.033311400562524795532 -0.55306392908096313477 -1.0647543668746948242
4.42830657958984375 6.6912331581115722656 7.9336953163146972656 7.9328947067260742188 6.7212576866149902344 3.6518886089324951172 0.87558543682098388672 0.51722985506057739258 4.0903124809265136719 8.2311582565307617188 9.0497350692749023438 7.8117580413818359375 6.3301362991333007812 5.50182342529296875 5.0515203475952148438 4.6768674850463867188 4.0748248100280761719 3.8302900791168212891 3.8895478248596191406 3.780750274658203125 3.7508649826049804688 3.1073660850524902344 1.8544465303421020508 0.70702016353607177734 0.15792188048362731934 0.14789383113384246826 0.14152276515960693359 0.088671155273914337158 0.012973939068615436554 -0.0067620445042848587036 0.46366831660270690918 0.62392199039459228516 -0.051485832780599594116 -0.22120946645736694336 -0.066680960357189178467 -0.070460803806781768799 -0.25216454267501831055 -0.46474435925483703613 -0.64760094881057739258 -0.87418323755264282227
4.0256595611572265625 5.9912700653076171875 7.7877850532531738281 7.5211129188537597656 5.2319550514221191406 1.9411722421646118164 0.38855826854705810547 1.3799922466278076172 5.8134469985961914062 7.5245599746704101562 6.5427479743957519531 5.3945717811584472656 4.8174352645874023438 4.4157476425170898438 4.0499629974365234375 4.1498808860778808594 3.8836309909820556641 3.0645661354064941406 2.8439896106719970703 3.0905182361602783203 2.5905961990356445312 1.877316594123840332 1.0366798639297485352 0.30130457878112792969 -0.30148354172706604004 -0.68156260251998901367 -0.49402573704719543457 -0.047543205320835113525 0.010546550154685974121 -0.026145504787564277649 0.078730337321758270264 0.07807274162769317627 -0.38157749176025390625 -0.70000892877578735352 -0.62350672483444213867 -0.42663323879241943359 -0.093879729509353637695 -0.071451678872108459473 -0.027309160679578781128 -0.43543156981468200684
3.1671900749206542969 5.3857364654541015625 7.0427374839782714844 6.2180409431457519531 3.5749161243438720703 0.89161032438278198242 0.28818261623382568359 2.2254514694213867188 4.8442363739013671875 4.7719354629516601562 4.51680755615234375 4.2341771125793457031 3.7501435279846191406 3.7836697101593017578 3.6388363838195800781 3.7331891059875488281 3.4141023159027099609 2.4880211353302001953 1.3826467990875244141 1.263140559196472168 0.68715238571166992188 0.27675804495811462402 0.070964314043521881104 -0.30723404884338378906 -0.92174875736236572266 -1.1694190502166748047 -0.86853790283203125 -0.25338089466094970703 0.019105760380625724792 -0.16918508708477020264 -0.45297455787658691406 -0.63220953941345214844 -0.56689524650573730469 0.068891771137714385986 0.68850016593933105469 0.91536194086074829102 0.84271639585494995117 0.22067748010158538818 -0.30503895878791809082 -0.8394756317138671875
2.8027522563934326172 3.4862329959869384766 3.7721395492553710938 3.0108101367950439453 2.0146114826202392578 0.26331683993339538574 -0.038451056927442550659 1.6174342632293701172 2.8274621963500976562 3.3763842582702636719 3.6050603389739990234 3.1976072788238525391 3.1511566638946533203 3.5478804111480712891 3.3409464359283447266 2.8464801311492919922 2.2454085350036621094 1.4723218679428100586 0.56109732389450073242 0.19863164424896240234 0.08921311795711517334 0.060006991028785705566 -0.023376423865556716919 -0.45705467462539672852 -1.0930263996124267578 -1.1463042497634887695 -0.79618793725967407227 -0.48247331380844116211 -0.64216846227645874023 -0.79268115758895874023 -0.6106936335563659668 -0.13380028307437896729 0.38528147339820861816 0.82438337802886962891 0.53114652633666992188 0.014898480847477912903 -0.3351866602897644043 -0.70831710100173950195 -0.93415600061416625977 -1.0158927440643310547
5.6541643142700195312 4.2919917106628417969 3.3079442977905273438 1.5520364046096801758 0.88755297660827636719 -0.24726936221122741699 -0.76938539743423461914 0.56786787509918212891 2.0650620460510253906 2.8801414966583251953 2.760402679443359375 2.4393765926361083984 3.0140047073364257812 3.0632801055908203125 2.6929147243499755859 1.5635710954666137695 0.63370811939239501953 0.26344570517539978027 0.059116087853908538818 0.011300289072096347809 -0.011122594587504863739 -0.055093076080083847046 -0.14292088150978088379 -0.46439665555953979492 -0.95513755083084106445 -0.99939703941345214844 -0.67422443628311157227 -0.31540387868881225586 -0.002367826877161860466 0.21580857038497924805 0.27068102359771728516 0.3765646815299987793 0.61262220144271850586 0.16492830216884613037 -0.55992627143859863281 -0.69711095094680786133 -0.50690686702728271484 -0.54322910308837890625 -0.52015209197998046875 0.13506746292114257812
7.82799530029296875 6.0345706939697265625 4.1771836280822753906 1.533542633056640625 0.40686357021331787109 -0.40721249580383300781 -1.0486567020416259766 0.20128217339515686035 1.6326415538787841797 2.0080387592315673828 1.5237392187118530273 1.7187533378601074219 2.4800124168395996094 2.2895600795745849609 1.5319015979766845703 0.31596222519874572754 -0.2524738311767578125 -0.58954995870590209961 -0.50693106651306152344 -0.38533648848533630371 -0.45080897212028503418 -0.61526596546173095703 -0.74004578590393066406 -0.64627146720886230469 -0.21442973613739013672 0.23418606817722320557 0.53644448518753051758 0.62585407495498657227 0.49996522068977355957 0.3893661201000213623 0.37360140681266784668 0.3882662355899810791 0.86085230112075805664 1.0384378433227539062 0.18371632695198059082 -0.066434845328330993652 0.091962747275829315186 0.1138281598687171936 0.13838276267051696777 0.43607956171035766602
6.0011758804321289062 4.4945864677429199219 2.7783224582672119141 0.93363791704177856445 0.097980812191963195801 -0.71476083993911743164 -1.1519289016723632812 -0.63656622171401977539 0.39634874463081359863 0.56542325019836425781 0.081152498722076416016 0.61665010452270507812 1.1675447225570678711 0.79712283611297607422 -0.20873108506202697754 -0.91789537668228149414 -1.1105004549026489258 -1.1459593772888183594 -1.0397485494613647461 -0.81515067815780639648 -0.49079057574272155762 -0.10145388543605804443 0.17294110357761383057 0.32978937029838562012 0.51562029123306274414 0.35266450047492980957 0.21930138766765594482 0.18271717429161071777 0.19186057150363922119 0.31188783049583435059 0.41629010438919067383 0.40518131852149963379 0.47311219573020935059 0.94971013069152832031 0.62405627965927124023 0.4118747711181640625 0.26836362481117248535 0.17247065901756286621 0.44772347807884216309 0.91946786642074584961
4.0539264678955078125 3.0705976486206054688 1.8999637365341186523 0.71068680286407470703 0.017981085926294326782 -0.96173036098480224609 -1.1982367038726806641 -1.1425263881683349609 -0.77941626310348510742 -0.59630787372589111328 -0.39657327532768249512 -0.050845414400100708008 -0.34209984540939331055 -0.73380064964294433594 -1.0949290990829467773 -1.1150406599044799805 -0.9179503321647644043 -0.61241167783737182617 -0.33247742056846618652 0.19832026958465576172 0.5650030970573425293 0.65059071779251098633 0.40204101800918579102 0.20105093717575073242 0.18638762831687927246 0.1406844407320022583 0.20207458734512329102 0.28726652264595031738 0.35322228074073791504 0.39935958385467529297 0.37174165248870849609 0.3043461143970489502 0.36906874179840087891 0.83325439691543579102 0.88991582393646240234 0.43996146321296691895 0.2670122683048248291 0.6518160700798034668 1.2183856964111328125 0.9041792750358581543
3.4749109745025634766 2.8496260643005371094 1.919765472412109375 0.78364354372024536133 -0.058233343064785003662 -1.0246850252151489258 -1.2043136358261108398 -1.209998011589050293 -1.2038727998733520508 -0.83574086427688598633 -0.13128469884395599365 -0.23939280211925506592 -0.80573767423629760742 -0.83967721462249755859 -0.57430160045623779297 -0.55288296937942504883 -0.20401240885257720947 0.43082395195960998535 0.3643760383129119873 0.48820281028747558594 0.39571279287338256836 0.28306183218955993652 0.18073894083499908447 0.21117001771926879883 0.28258815407752990723 0.26383581757545471191 0.18118360638618469238 0.1203805580735206604 0.11609059572219848633 0.19701284170150756836 0.2347746044397354126 0.4377097785472869873 0.56045866012573242188 0.75485700368881225586 0.98144257068634033203 0.94741362333297729492 1.1213554143905639648 0.83872938156127929688 -0.0380000285804271698 -0.6914984583854675293
